(obuchaem) specialo0@DESKTOP-UFQ15AK:~/notebooks/uchебновое/neural_n/labs$ python ./labs/video_feature_classification/main_sss.py
AVDB meta parsing: 100%|████████████████████████████████████████████████████████████████████████████| 33087/33087 [00:21<00:00, 1508.73images/s]
clips count: 1120
frames count: 33087
AVDB meta parsing: 100%|██████████████████████████████████████████████████████████████████████████████| 6839/6839 [00:04<00:00, 1421.61images/s]
clips count: 224
frames count: 6839
calc video features: 100%|███████████████████████████████████████████████████████████████████████████████| 1120/1120 [00:13<00:00, 80.56files/s]
feat count: 31011
calc video features: 100%|█████████████████████████████████████████████████████████████████████████████████| 224/224 [00:02<00:00, 77.39files/s]
feat count: 6397

     ***  Metrics by frames    ***
              precision    recall  f1-score   support

           2       0.44      0.32      0.37       947
           3       0.55      0.72      0.62       867
           4       0.40      0.43      0.42       966
           5       0.53      0.48      0.51       939
           6       0.38      0.52      0.44       884
           7       0.53      0.59      0.56       950
           8       0.29      0.15      0.19       844

    accuracy                           0.46      6397
   macro avg       0.45      0.46      0.44      6397
weighted avg       0.45      0.46      0.45      6397

Confusion matrix
 [[302 316 102  24  66   6 131]
 [112 624   5   7  43   2  74]
 [ 51  52 413  82 177 177  14]
 [ 30  31 144 455 128 148   3]
 [ 50  12 133  36 458 116  79]
 [ 58   1 150 111  63 564   3]
 [ 88  95  76 143 269  50 123]]
Normalized confusion matrix
 [[0.32 0.33 0.11 0.03 0.07 0.01 0.14]
 [0.13 0.72 0.01 0.01 0.05 0.   0.09]
 [0.05 0.05 0.43 0.08 0.18 0.18 0.01]
 [0.03 0.03 0.15 0.48 0.14 0.16 0.  ]
 [0.06 0.01 0.15 0.04 0.52 0.13 0.09]
 [0.06 0.   0.16 0.12 0.07 0.59 0.  ]
 [0.1  0.11 0.09 0.17 0.32 0.06 0.15]]

     ***  Metrics by clips    ***
              precision    recall  f1-score   support

           2       1.00      0.31      0.48        32
           3       0.64      1.00      0.78        32
           4       0.48      0.50      0.49        32
           5       0.54      0.69      0.60        32
           6       0.46      0.75      0.57        32
           7       0.70      0.72      0.71        32
           8       0.40      0.06      0.11        32

    accuracy                           0.58       224
   macro avg       0.60      0.58      0.53       224
weighted avg       0.60      0.58      0.53       224

Confusion matrix
 [[10 14  4  0  2  0  2]
 [ 0 32  0  0  0  0  0]
 [ 0  2 16  4  6  4  0]
 [ 0  0  3 22  4  3  0]
 [ 0  0  5  1 24  1  1]
 [ 0  0  2  7  0 23  0]
 [ 0  2  3  7 16  2  2]]
Normalized confusion matrix
 [[0.31 0.44 0.12 0.   0.06 0.   0.06]
 [0.   1.   0.   0.   0.   0.   0.  ]
 [0.   0.06 0.5  0.12 0.19 0.12 0.  ]
 [0.   0.   0.09 0.69 0.12 0.09 0.  ]
 [0.   0.   0.16 0.03 0.75 0.03 0.03]
 [0.   0.   0.06 0.22 0.   0.72 0.  ]
 [0.   0.06 0.09 0.22 0.5  0.06 0.06]]
(obuchaem) specialo0@DESKTOP-UFQ15AK:~/notebooks/uchебновое/neural_n/labs$
