(obuchaem) specialo0@DESKTOP-UFQ15AK:~/notebooks/uchебновое/neural_n/labs$ python ./labs/video_feature_classification/main_sss.py
AVDB meta parsing: 100%|████████████████████████████████████████████████████████████████████████████| 33087/33087 [00:22<00:00, 1481.98images/s]
clips count: 1120
frames count: 33087
AVDB meta parsing: 100%|██████████████████████████████████████████████████████████████████████████████| 6839/6839 [00:04<00:00, 1469.17images/s]
clips count: 224
frames count: 6839
calc video features: 100%|███████████████████████████████████████████████████████████████████████████████| 1120/1120 [00:13<00:00, 80.85files/s]
feat count: 31011
calc video features: 100%|█████████████████████████████████████████████████████████████████████████████████| 224/224 [00:02<00:00, 78.64files/s]
feat count: 6397

     ***  Metrics by frames    ***
              precision    recall  f1-score   support

           2       0.29      0.42      0.34       947
           3       0.56      0.41      0.48       867
           4       0.45      0.29      0.35       966
           5       0.51      0.46      0.49       939
           6       0.23      0.47      0.31       884
           7       0.51      0.37      0.42       950
           8       0.22      0.12      0.15       844

    accuracy                           0.36      6397
   macro avg       0.40      0.36      0.36      6397
weighted avg       0.40      0.36      0.37      6397

Confusion matrix
 [[394 143  79   6 223  22  80]
 [269 358  19  14 152  18  37]
 [143  20 280  61 289 121  52]
 [102  38  63 434 192  97  13]
 [151  32  73  30 417  43 138]
 [118   3  93 192 161 347  36]
 [193  42  14 111 347  39  98]]
Normalized confusion matrix
 [[0.42 0.15 0.08 0.01 0.24 0.02 0.08]
 [0.31 0.41 0.02 0.02 0.18 0.02 0.04]
 [0.15 0.02 0.29 0.06 0.3  0.13 0.05]
 [0.11 0.04 0.07 0.46 0.2  0.1  0.01]
 [0.17 0.04 0.08 0.03 0.47 0.05 0.16]
 [0.12 0.   0.1  0.2  0.17 0.37 0.04]
 [0.23 0.05 0.02 0.13 0.41 0.05 0.12]]

     ***  Metrics by clips    ***
              precision    recall  f1-score   support

           2       0.35      0.50      0.41        32
           3       0.67      0.50      0.57        32
           4       0.50      0.31      0.38        32
           5       0.50      0.69      0.58        32
           6       0.26      0.56      0.36        32
           7       0.86      0.38      0.52        32
           8       0.14      0.03      0.05        32

    accuracy                           0.42       224
   macro avg       0.47      0.42      0.41       224
weighted avg       0.47      0.42      0.41       224

Confusion matrix
 [[16  5  2  1  7  0  1]
 [11 16  1  1  3  0  0]
 [ 5  1 10  5  8  2  1]
 [ 0  1  2 22  7  0  0]
 [ 5  1  3  1 18  0  4]
 [ 4  0  1  8  7 12  0]
 [ 5  0  1  6 19  0  1]]
Normalized confusion matrix
 [[0.5  0.16 0.06 0.03 0.22 0.   0.03]
 [0.34 0.5  0.03 0.03 0.09 0.   0.  ]
 [0.16 0.03 0.31 0.16 0.25 0.06 0.03]
 [0.   0.03 0.06 0.69 0.22 0.   0.  ]
 [0.16 0.03 0.09 0.03 0.56 0.   0.12]
 [0.12 0.   0.03 0.25 0.22 0.38 0.  ]
 [0.16 0.   0.03 0.19 0.59 0.   0.03]]
(obuchaem) specialo0@DESKTOP-UFQ15AK:~/notebooks/uchебновое/neural_n/labs$
